$ 1 0.000005 10.20027730826997 36 5 43 5e-11
L 464 288 464 256 0 0 false 10 0
L 368 288 368 256 0 0 false 10 0
t 464 320 464 400 1 1 -9.720616323432022 0 100 default
t 368 320 368 400 1 1 -9.720616323432022 0 100 default
w 368 320 480 400 0
w 464 320 384 400 0
r 464 320 464 288 0 1000
r 368 320 368 288 0 1000
w 432 432 352 400 1
w 432 432 448 400 2
w 368 288 240 288 0
w 464 288 272 336 0
t 192 336 128 336 0 1 3.272022147050028e-11 -3.1720221629724876 100 default
t 224 384 128 384 0 1 -3.1720221596346976 -9.748786704030831 100 default
w 128 352 128 368 0
w 464 624 448 592 0
w 464 624 352 592 2
t 464 544 464 592 1 1 -9.999994996131328 0.00000493323538600472 100 default
t 368 544 368 592 1 1 -9.999999929366712 -0.00000493323538600472 100 default
R 416 464 368 464 0 0 40 10 0 0 0.5
w 448 464 496 464 2
L 304 288 304 256 0 0 false 10 0
w 304 288 304 512 0
t 432 432 432 464 1 -1 9.719143838273464 -0.27938365692674516 100 default
t 432 672 432 720 1 -1 9.99999992930003 -5.049998996753402e-8 100 default
g 544 720 576 720 0 0
r 512 720 544 720 0 1000
162 448 720 512 720 2 default-led 1 0 0 0.01
g 560 496 592 496 0 0
R 416 720 384 720 0 0 40 10 0 0 0.5
r 464 512 560 496 0 1000
r 448 720 480 752 0 1000
w 480 752 544 720 0
t 128 464 48 464 0 -1 9.748785035325927 -0.2512132925986599 100 default
R 48 400 48 336 0 0 40 10 0 0 0.5
w 48 400 48 448 0
w 128 400 128 464 0
g 128 288 80 288 0 0
w 128 288 128 320 0
x 481 686 526 689 4 24 sum
r 192 336 240 288 0 1000
r 224 384 272 336 0 1000
w 432 640 464 624 0
w 464 512 528 592 2
w 304 512 240 512 2
t 256 560 192 560 0 1 9.907402416438198e-9 -3.172511941295427 100 default
t 256 624 192 624 0 1 -3.17103842628514 -9.74731396147473 100 default
w 192 608 192 576 0
g 192 512 144 512 0 0
w 112 608 112 656 0
R 112 608 112 544 0 0 40 10 0 0 0.5
t 160 672 112 672 0 -1 9.748785820991756 -0.2512125069328306 100 default
w 192 544 192 512 0
w 192 672 192 640 0
w 304 608 256 624 2
w 256 560 256 592 2
w 448 720 384 768 2
d 288 528 256 560 2 default
d 400 640 304 608 2 default
w 400 640 416 496 0
d 304 512 368 512 2 default
d 448 464 464 512 2 default
r 336 480 368 512 0 1000
g 336 480 336 464 0 0
w 192 736 192 672 2
r 288 528 304 512 0 1000
r 416 496 448 464 0 1000
w 368 512 304 560 2
w 432 672 432 640 2
r 160 672 192 672 0 1000
w 464 512 464 544 0
w 368 512 368 544 0
r 464 624 496 624 0 1000
R 496 624 544 624 0 0 40 10 0 0 0.5
w 480 592 368 544 0
w 384 592 464 544 0
w 48 480 48 688 0
w 112 688 48 688 0
r 48 688 -16 688 0 1000
g -16 688 -48 688 0 0
w 80 816 144 784 0
r 48 784 80 816 0 1000
162 48 784 112 784 2 default-led 1 0 0 0.01
r 112 784 144 784 0 1000
g 144 784 176 784 0 0
w 48 784 48 688 0
x 84 755 177 758 4 24 carry\sout
x 283 229 319 232 4 24 Cin
o 27 4 0 4098 0.0000762939453125 0.1 0 2 27 3
