$ 1 0.000005 10.20027730826997 36 5 43 5e-11
L 464 288 464 256 0 0 false 10 0
L 368 288 368 256 0 0 false 10 0
t 464 320 464 400 1 1 -9.720615552393733 0 100 default
t 368 320 368 400 1 1 -9.720615552393733 0 100 default
w 368 320 480 400 0
w 464 320 384 400 0
r 464 320 464 288 0 1000
r 368 320 368 288 0 1000
w 432 432 352 400 1
w 432 432 448 400 2
w 368 288 240 288 0
w 464 288 272 336 0
t 192 336 128 336 0 1 3.272022147050081e-11 -3.1720221629725 100 default
t 224 384 128 384 0 1 -3.17202215963471 -9.748786704030868 100 default
w 128 352 128 368 0
w 432 624 448 592 0
w 432 624 352 592 2
w 464 512 384 592 0
w 368 512 480 592 0
t 464 512 464 592 1 1 -9.72061062761324 0.000004929948455507628 100 default
t 368 512 368 592 1 1 -9.720615557561697 -0.000004929948455507628 100 default
R 416 464 368 464 0 0 40 10 0 0 0.5
w 448 464 496 464 2
L 304 288 304 256 0 0 false 10 0
r 304 288 304 368 0 1000
w 304 368 304 512 0
t 432 432 432 464 1 -1 9.720610622445257 -0.27938442796503615 100 default
t 432 672 432 720 1 -1 9.720610647260186 -0.2793844227970528 100 default
g 544 720 576 720 0 0
r 512 720 544 720 0 1000
162 448 720 512 720 2 default-led 1 0 0 0.01
g 560 496 592 496 0 0
R 416 720 384 720 0 0 40 10 0 0 0.5
r 464 512 560 496 0 1000
r 448 720 480 752 0 1000
w 480 752 544 720 0
g 48 544 48 576 0 0
t 128 464 48 464 0 -1 9.748785035301678 -0.2512132925986226 100 default
R 48 400 48 336 0 0 40 10 0 0 0.5
w 48 400 48 448 0
w 128 400 128 464 0
g 128 288 80 288 0 0
w 128 288 128 320 0
r 576 320 640 320 0 1000
r 640 400 688 400 0 1000
r 48 544 48 528 0 1000
162 48 480 48 528 2 default-led 1 0 0 0.01
r 48 480 16 480 0 1000
w 16 480 48 544 0
x 481 686 526 689 4 24 sum
r 192 336 240 288 0 1000
r 224 384 272 336 0 1000
w 592 544 608 592 0
w 432 672 432 624 0
d 624 432 640 480 2 default
r 704 480 720 528 0 1000
w 512 544 528 592 0
w 240 784 352 672 0
r 416 496 448 464 0 2000
w 304 512 256 512 2
r 320 544 272 592 0 2000
t 256 560 192 560 0 1 9.816066472391337e-12 -3.1720221622405043 100 default
t 256 624 192 624 0 1 -3.1720221612391675 -9.74878670638901 100 default
w 192 608 192 576 0
w 80 688 112 752 0
r 112 688 80 688 0 1000
162 112 688 112 736 2 default-led 1 0 0 0.01
r 112 752 112 736 0 1000
g 192 512 144 512 0 0
w 112 608 112 656 0
R 112 608 112 544 0 0 40 10 0 0 0.5
t 192 672 112 672 0 -1 9.748785035300465 -0.2512132925998358 100 default
g 112 752 112 784 0 0
w 192 544 192 512 0
w 192 672 192 640 0
r -112 608 -48 608 0 1000
r 736 464 720 416 0 1000
w 304 608 256 624 2
w 256 560 240 608 2
r 256 624 256 704 0 300
g 256 704 256 720 0 0
r 240 608 240 704 0 300
g 240 704 240 720 0 0
w 448 720 384 768 2
w 304 512 368 512 0
w 448 464 464 512 0
o 30 4 0 4098 0.0000762939453125 0.1 0 2 30 3
