$ 1 0.000005 10.20027730826997 36 5 43 5e-11
L 464 288 464 256 0 0 false 10 0
L 368 288 368 256 0 0 false 10 0
t 464 320 464 400 1 1 -9.720831342577126 0 100 default
t 368 320 368 400 1 1 -9.720831342577126 0 100 default
w 368 320 480 400 0
w 464 320 384 400 0
r 464 320 464 288 0 1000
r 368 320 368 288 0 1000
w 432 432 352 400 1
w 432 432 448 400 2
w 368 288 240 288 0
w 464 288 272 336 0
t 192 336 128 336 0 1 3.272022147050081e-11 -3.1720221629725 100 default
t 224 384 128 384 0 1 -3.17202215963471 -9.748786704030868 100 default
w 128 352 128 368 0
w 464 624 448 592 0
w 464 624 352 592 2
t 464 544 464 592 1 1 -0.5302567281105848 -0.6515077334161337 100 default
t 368 544 368 592 1 1 0.12125100530554889 0.6515077334161337 100 default
R 416 464 368 464 0 0 40 10 0 0 0.5
w 448 464 496 464 2
L 304 288 304 256 0 1 false 10 0
r -48 400 -48 480 0 1000
w 304 288 304 512 0
t 432 432 432 464 1 -1 9.3118002988982 -0.27916863778121126 100 default
t 432 672 432 720 1 -1 -0.6482759144184378 -0.6863965344063416 100 default
g 544 720 576 720 0 0
r 512 720 544 720 0 1000
162 448 720 512 720 2 default-led 1 0 0 0.01
g 560 496 592 496 0 0
R 416 720 384 720 0 0 40 10 0 0 0.5
r 464 512 560 496 0 1000
r 448 720 480 752 0 1000
w 480 752 544 720 0
g 48 544 48 576 0 0
t 128 464 48 464 0 -1 9.748785035301678 -0.2512132925986226 100 default
R 48 400 48 336 0 0 40 10 0 0 0.5
w 48 400 48 448 0
w 128 400 128 464 0
g 128 288 80 288 0 0
w 128 288 128 320 0
r 48 544 48 528 0 1000
162 48 480 48 528 2 default-led 1 0 0 0.01
r 48 480 16 480 0 1000
w 16 480 48 544 0
x 481 686 526 689 4 24 sum
r 192 336 240 288 0 1000
r 224 384 272 336 0 1000
w 432 640 464 624 0
w 464 512 528 592 2
w 304 512 240 512 2
t 256 560 192 560 0 1 0.651521955411244 0.651263541799234 100 default
t 256 624 192 624 0 1 0.37200751121900705 -9.136434689482657 100 default
w 192 608 192 576 0
w 80 688 112 752 0
r 112 688 80 688 0 1000
162 112 688 112 736 2 default-led 1 0 0 0.01
r 112 752 112 736 0 1000
g 192 512 144 512 0 0
w 112 608 112 656 0
R 112 608 112 544 0 0 40 10 0 0 0.5
t 160 672 112 672 0 -1 9.491242683811763 -0.49112305264706535 100 default
g 112 752 112 784 0 0
w 192 544 192 512 0
w 192 672 192 640 0
r -112 608 -48 608 0 1000
w 304 608 256 624 2
w 256 560 256 592 2
w 448 720 384 768 2
w 208 448 272 448 0
d 288 528 256 560 2 default
d 400 640 304 608 2 default
w 400 640 416 496 0
d 304 512 368 512 2 default
d 448 464 464 512 2 default
r 336 480 368 512 0 1000
g 336 480 336 464 0 0
w 192 736 192 672 2
r 288 528 304 512 0 1000
r 416 496 448 464 0 1000
w 368 512 304 560 2
w 432 672 432 640 2
d 544 672 544 640 2 default
r 160 672 192 672 0 1000
w 464 512 464 544 0
w 368 512 368 544 0
r 464 624 496 624 0 1000
g 496 656 512 656 0 0
R 496 624 544 624 0 0 40 10 0 0 0.5
w 480 592 368 544 0
w 384 592 464 544 0
o 28 4 0 4098 2.5 0.1 0 2 28 3
