$ 1 0.000005 10.20027730826997 87 5 43 5e-11
L 464 288 464 256 0 0 false 5 0
L 368 288 368 256 0 0 false 5 0
t 464 320 464 400 1 1 -4.739330866972844 0 100 default
t 368 320 368 400 1 1 -4.739330866972844 0 100 default
w 368 320 480 400 0
w 464 320 384 400 0
r 464 320 464 288 0 1000
r 368 320 368 288 0 1000
w 432 432 352 400 1
w 432 432 448 400 2
w 368 320 240 320 0
w 464 320 416 336 0
w 416 336 272 336 0
w 272 336 272 528 0
w 240 320 240 480 0
t 240 480 176 480 0 1 -1.6543612251060553e-24 -4.963083675318166e-24 100 default
t 272 528 176 528 0 1 -4.963083675318166e-24 1.6543612251060553e-24 100 default
w 176 496 176 512 0
w 432 624 448 592 0
w 432 624 352 592 2
w 464 512 384 592 0
w 368 512 480 592 0
t 464 512 464 592 1 1 -4.192663674337881 0.37997183120401756 100 default
t 368 512 368 592 1 1 -4.572635505541899 -0.37997183120401756 100 default
R 416 496 368 496 0 0 40 5 0 0 0.5
w 448 496 464 512 2
L 304 288 304 256 0 0 false 5 0
r 304 288 304 368 0 1000
w 304 368 304 512 0
w 304 512 368 512 0
t 432 432 432 496 1 -1 4.359116733156487 -0.260669123348495 100 default
t 432 656 432 688 1 -1 -0.3794615170754554 -0.3973897832799773 100 default
R 416 688 368 688 0 0 40 5 0 0 0.5
g 512 688 544 688 0 0
r 592 448 608 464 0 1000
d 640 528 672 496 2 default
d 432 656 432 624 2 1N5711
r 448 688 480 688 0 100
