$ 1 0.000005 10.20027730826997 71 5 43 5e-11
L 464 288 464 256 0 0 false 5 0
L 368 288 368 256 0 0 false 5 0
t 464 320 464 400 1 1 -4.73892336797199 0 100 default
t 368 320 368 400 1 1 -4.73892336797199 0 100 default
w 368 320 480 400 0
w 464 320 384 400 0
r 464 320 464 288 0 1000
r 368 320 368 288 0 1000
w 432 432 352 400 1
w 432 432 448 400 2
w 368 320 240 320 0
w 464 320 416 336 0
w 416 336 272 336 0
w 272 336 272 528 0
w 240 320 240 480 0
t 240 480 176 480 0 1 1.3234889800848443e-23 4.963083675318166e-24 100 default
t 272 528 176 528 0 1 4.963083675318166e-24 8.271806125530277e-24 100 default
w 176 496 176 512 0
w 432 624 448 592 0
w 432 624 352 592 2
w 464 512 384 592 0
w 368 512 480 592 0
t 464 512 464 592 1 1 -4.739260205013096 0.00000242913925883519 100 default
t 368 512 368 592 1 1 -4.739262634152355 -0.00000242913925883519 100 default
R 416 496 368 496 0 0 40 5 0 0 0.5
w 448 496 464 512 2
L 304 288 304 256 0 0 false 5 0
r 304 288 304 368 0 1000
w 304 368 304 512 0
w 304 512 368 512 0
t 432 432 432 496 1 -1 4.7389209388320435 -0.2610766223501626 100 default
t 432 624 432 720 1 -1 4.422302549688613 -0.26073735616911 100 default
g 512 720 544 720 0 0
r 544 560 640 576 0 1000
d 640 528 672 496 2 default
d 608 656 608 624 2 1N5711
r 448 752 480 752 0 100
d 576 384 576 416 2 default
R 512 656 576 656 0 0 40 5 0 0 0.5
r 624 608 576 608 0 1000
162 448 720 512 720 2 default-led 1 0 0 0.01
d 304 656 304 688 2 1N5712
g 560 496 592 496 0 0
R 416 720 384 720 0 0 40 5 0 0 0.5
162 720 480 768 464 2 default-led 1 0 0 0.01
r 464 512 560 496 0 1000
